BB10 U1
1      0.00398769      -0.0120415
2      0.00405      -0.192396
3      0.00404978      -0.185335
4      0.00411428      -0.073329
5      0.00405      -0.253146
6      0.00375601      -0.0621473
7      0.00411428      -0.268757
8      0.00418065      -0.22914
BB10 U2
1      0.00365071      -0.204838
2      0.00382854      -0.127735
3      0.00392708      -0.308134
4      0.00386809      -0.217934
5      0.00411359      -0.415186
6      0.00371815      -0.0124532
7      0.00392727      -0.167697
8      0.00386809      -0.217934
BB10 U3
1      0.00375653      -0.200646
2      0.00398769      -0.241334
3      0.00417699      -0.453884
4      0.00471628      -0.434305
5      0.00398706      -0.173981
6      0.0040194      -0.320348
7      0.00405      -0.293646
8      0      0
BB10 U4
1      0.00418039      -0.253181
2      0.00392708      -0.0725097
3      0.00439321      -0.109521
4      0.00414843      -0.174752
5      0.00424917      -0.212995
6      0.00411428      -0.104186
7      0.00431836      -0.273349
8      0.00411006      -0.125855
BB10 U5
1      0.00418039      -0.0128084
2      0.00424917      -0.149258
3      0.003815      0.0256233
4      0.00438962      -0.178116
5      0.0040702      -0.0748588
6      -0.000447264      5.87253
7      0.00439234      -0.177964
8      0.00418039      -0.117318
BB10 U6
1      0.0040702      -0.156263
2      0.00431971      -0.228355
3      0.00424917      -0.128012
4      -0.00452261      11.9783
5      0.00411428      -0.114472
6      0.00411406      -0.0593131
7      0.0040702      -0.0748588
8      0.00411428      -0.124758
BB10 U7
1      0.00375161      -0.171325
2      0.00375653      -0.172472
3      0.00389815      -0.155027
4      0.00398769      -0.241334
5      0.00392708      -0.151051
6      0.00398769      -0.311118
7      0.00381159      -0.471355
8      0.00398321      -0.211663
BB10 U8
1      0.0040702      -0.176614
2      0.00418039      -0.24273
3      0.00404978      -0.0942145
4      -0.000447655      5.8725
5      0.00420285      -0.0878602
6      0.00418039      -0.0755143
7      0.00424917      -0.351094
8      0.00381176      0.00801961
BB10 U9
1      0.00418039      -0.0546123
2      0.00439234      -0.0901167
3      0.00431971      -0.163559
4      0.00402917      -0.0826198
5      0.00424917      -0.0855203
6      0.00418039      -0.0546123
7      0.00418039      -0.0337103
8      0.00418065      -0.0932688
BB10 U10
1      0.00402917      -0.243786
2      0.0040702      -0.0341568
3      0.00404978      -0.235957
4      0.0042484      -0.162391
5      0.00418039      -0.0337103
6      0.00483281      -0.197899
7      0.00411359      -0.199223
8      0.00431836      -0.294941
BB10 U11
1      0.00420285      -0.150903
2      0.00382854      -0.0415934
3      0.00390707      -0.207005
4      0.00439234      -0.177964
5      0.00418039      -0.253181
6      0.0040702      -0.115561
7      0.0040702      -0.20714
8      0.00398321      -0.131999
BB10 U12
1      0.00411359      -0.343198
2      0.00404978      -0.0942145
3      0.0044805      -0.470802
4      0.00411006      -0.084754
5      0.00433181      -0.316542
6      0.00489053      -0.339103
7      0.00424525      -0.320943
8      0      0
