BB10 U1
1      0.003951 0.043551
2      0.003951 -0.051272
3      0.004050 -0.179233
4      0.004153 -0.118998
5      0.004058 -0.254751
6      0.003767 -0.065183
7      0.004050 -0.179233
8      0.004153 -0.185454
BB10 U3
1      0.003763 -0.198994
2      0.003950 -0.186815
3      0.003951 -0.130290
4      0.002215 2.704708
5      0.003951 -0.114487
6      0.004048 -0.359468
7      0.004050 -0.292633
8      0.004050 -0.292633
BB10 U2
1      0.003600 -0.121052
2      0.003855 -0.158738
3      0.003845 -0.174167
4      0.003855 -0.189562
5      0.003951 -0.193505
6      0.003767 -0.065183
7      0.003951 -0.193505
8      0.003951 -0.335739
BB10 U6
1      0.004048 -0.116608
2      0.004263 -0.153228
3      0.004270 -0.144697
4      0.003767 -0.050114
5      0.004153 -0.152226
6      0.004172 -0.127291
7      0.003951 0.090962
8      0.004153 -0.168840
BB10 U5
1      0.004153 0.030527
2      0.004135 0.005592
3      0.003857 -0.033048
4      0.004263 -0.016807
5      0.003951 0.090962
6      0.004050 0.031367
7      0.004263 0.000246
8      0.004153 -0.069157
BB10 U4
1      0.004153 -0.218682
2      0.003951 -0.098683
3      0.004378 -0.088968
4      0.004153 -0.185454
5      0.004263 -0.221439
6      0.004153 -0.152226
7      0.004263 -0.204386
8      0.004153 -0.185454
BB10 U8
1      0.004050 -0.146833
2      0.004048 -0.051846
3      0.004036 -0.068045
4      0.004263 -0.238491
5      0.004153 -0.019315
6      0.004147 -0.027627
7      0.004153 -0.218682
8      0.003951 -0.177702
BB10 U7
1      0.003767 -0.185734
2      0.003767 -0.185734
3      0.003951 -0.225113
4      0.003967 -0.201394
5      0.003951 -0.177727
6      0.003951 -0.256720
7      0.003682 -0.268333
8      0.003951 -0.161898
BB10 U9
1      0.004048 0.126252
2      0.004378 -0.071456
3      0.004263 -0.085018
4      0.004048 -0.100418
5      0.004157 0.042685
6      0.004153 -0.019315
7      0.004263 -0.136175
8      0.004153 -0.052543
BB10 U11
1      0.001991 2.813524
2      0.001899 2.744583
3      0.001805 2.855592
4      0.004378 -0.159014
5      0.001991 2.749815
6      0.001890 2.882731
7      0.001896 2.834150
8      0.001888 2.822766
BB10 U10
1      0.004048 -0.262324
2      0.004050 -0.001033
3      0.004050 -0.227833
4      0.004153 -0.035929
5      0.004172 -0.010993
6      0.004628 0.037062
7      0.004153 -0.251910
8      0.004263 -0.221439
BB10 U12
1      0.002155 2.432364
2      0.003951 0.043551
3      0.004378 -0.334131
4      0.001881 2.936365
5      0.004263 -0.221439
6      0.004627 -0.029195
7      0.004378 -0.491736
8      0.000000 0.000000
