SIDAR E2
1      0.003503 -0.151407
2      0.003340 -0.099596
3      0.003357 -0.210601
4      0.003436 -0.083515
5      0.003393 -0.252634
6      0.003541 -0.156919
7      0.003240 -0.216860
8      0.003340 -0.191887
9      0.003522 -0.198226
10     0.003323 -0.138319
11     0.003071 -0.181992
12     0.003224 -0.158145
13     0.003255 -0.104926
14     0.003239 -0.132064
15     0.003358 -0.250283
16     0.003145 -0.133205
SIDAR E4
1      0.003358 -0.173061
2      0.003340 -0.122556
3      0.003410 -0.230308
4      0.003620 -0.275078
5      0.003465 -0.278277
6      0.003525 -0.182353
7      0.003640 -0.305949
8      0.003560 -0.110281
9      0.003522 -0.261614
10     0.003600 -0.209247
11     0.003256 -0.243514
12     0.003340 -0.203126
13     0.003465 -0.243625
14     0.003358 -0.277143
15     0.003406 -0.195960
16     0.003541 -0.151731
SIDAR E6
1      0.003487 -0.052167
2      0.003306 -0.075288
3      0.003375 -0.049313
4      0.003410 -0.107534
5      0.003415 -0.099572
6      0.003375 -0.103311
7      0.003541 -0.238353
8      0.003340 -0.008993
9      0.003410 -0.168921
10     0.003503 -0.095364
11     0.003192 -0.143460
12     0.003375 -0.218057
13     0.003447 -0.179962
14     0.003323 -0.055866
15     0.000000 0.000000
16     0.003428 -0.039654
SIDAR E1
1      0.000000 0.000000
2      0.003224 -0.103344
3      0.003465 -0.077294
4      0.003640 -0.072973
5      0.003410 -0.052968
6      0.003115 -0.112149
7      0.003522 -0.039755
8      0.003580 -0.096900
9      0.003564 -0.121975
10     0.000000 0.000000
11     0.003256 -0.139932
12     0.003299 -0.067716
13     0.003541 -0.124451
14     0.003224 -0.167198
15     0.003340 -0.151804
16     0.003350 -0.136207
SIDAR E5
1      0.003447 0.005340
2      0.003600 -0.000458
3      0.003484 -0.056200
4      0.003477 -0.066658
5      0.003392 -0.103972
6      0.003522 -0.046798
7      0.003465 -0.004524
8      0.003100 -0.075598
9      0.003289 -0.081258
10     0.003256 -0.071556
11     0.003429 -0.145320
12     0.001648 4.631691
13     0.003484 -0.109283
14     0.003447 -0.015340
15     0.003520 -0.173882
16     0.003484 -0.035297
SIDAR E3
1      0.003375 -0.150560
2      0.003380 -0.142681
3      0.003347 -0.197923
4      0.003484 -0.182442
5      0.003429 -0.203606
6      0.003413 -0.230477
7      0.003208 -0.157230
8      0.003503 -0.179428
9      0.003445 -0.275219
10     0.003393 -0.096571
11     0.003375 -0.238306
12     0.003503 -0.221461
13     0.003357 -0.197172
14     0.003208 -0.114723
15     0.003289 -0.242436
16     0.003324 -0.183196
SIDAR dE1
1      0.000000 0.000000
2      0.001895 -0.059370
3      0.002090 -0.138069
4      0.002204 -0.086859
5      0.002234 -0.128381
6      0.002174 -0.051755
7      0.002219 -0.207424
8      0.002132 -0.156837
9      0.001062 2.792107
10     0.002037 -0.135787
11     0.002063 -0.128916
12     0.001987 -0.117221
13     0.001873 -0.058983
14     0.001906 -0.101014
15     0.001714 -0.039035
16     0.001770 -0.078419
SIDAR dE2
1      0.001714 -0.100749
2      0.001976 -0.040552
3      0.001976 -0.095870
4      0.002160 -0.098105
5      0.002137 -0.160060
6      0.001928 -0.168315
7      0.002024 -0.118963
8      0.001820 -0.105735
9      0.001975 -0.179677
10     0.001841 -0.125394
11     0.001855 -0.082425
12     0.001883 -0.138969
13     0.001670 -0.004832
14     0.001705 0.010477
15     0.001751 -0.046326
16     0.001557 0.039100
SIDAR dE3
1      0.001780 -0.017153
2      0.001952 -0.100879
3      0.002219 -0.057925
4      0.002131 -0.193897
5      0.002131 -0.091591
6      0.002025 -0.112637
7      0.002131 -0.057489
8      0.002077 -0.073310
9      0.002697 -0.398440
10     0.001862 -0.060176
11     0.001841 -0.045891
12     0.005998 -0.111841
13     0.001705 -0.072137
14     0.001636 -0.044140
15     0.001705 -0.051677
16     0.000797 2.803471
SIDAR dE4
1      0.000000 0.000000
2      0.002744 -0.219606
3      0.002250 -0.212182
4      0.002347 -0.145133
5      0.002219 -0.093432
6      0.002196 -0.154124
7      0.002050 -0.105764
8      0.002189 -0.172148
9      0.002282 -0.186609
10     0.002051 -0.145703
11     0.002025 -0.145035
12     0.001975 -0.118438
13     0.002025 -0.193631
14     0.001862 -0.068808
15     0.001848 -0.111029
16     0.000000 0.000000
SIDAR dE5
1      0.001780 -0.202260
2      0.002000 -0.166738
3      0.002131 -0.227999
4      0.002159 -0.282645
5      0.002189 -0.285974
6      0.002103 -0.233976
7      0.001999 -0.167826
8      0.002077 -0.172994
9      0.002042 -0.271344
10     0.001841 -0.168924
11     0.001884 -0.136760
12     0.000904 2.786779
13     0.001780 -0.202260
14     0.001742 -0.149734
15     0.001687 -0.192745
16     0.001619 -0.141211
SIDAR dE6
1      0.001723 -0.175609
2      0.001975 -0.205358
3      0.002132 -0.225702
4      0.002314 -0.208221
5      0.002287 -0.276134
6      0.002103 -0.208737
7      0.002131 -0.287677
8      0.002131 -0.117167
9      0.002077 -0.206222
10     0.001975 -0.229064
11     0.001928 -0.262809
12     0.002000 -0.150738
13     0.001761 -0.214073
14     0.001800 -0.167849
15     0.001636 -0.168485
16     0.001653 -0.200558
