SIDAR E1
1      0      0
2      0.00320794      -0.0745553
3      0.00348389      -0.106655
4      0.00364047      -0.0739018
5      0.00341033      -0.052304
6      0.00311536      -0.11148
7      0.00352169      -0.0381623
8      0.00359994      -0.124839
9      0.00356046      -0.115562
10      0      0
11      0.00327256      -0.16905
12      0.00334023      -0.136707
13      0.00352169      -0.0945092
14      0.00320794      -0.138714
15      0.00334023      -0.150067
16      0.00334003      -0.118561
SIDAR E2
1      0.00352169      -0.17903
2      0.00334003      -0.0985207
3      0.00337496      -0.240137
4      0.00344676      -0.0999371
5      0.00337496      -0.219887
6      0.00352169      -0.122683
7      0.00320777      -0.1598
8      0.00334023      -0.19015
9      0.00348389      -0.134526
10      0.00330609      -0.110127
11      0.00305632      -0.154202
12      0.00320777      -0.127723
13      0.00327256      -0.136325
14      0.00320777      -0.0763983
15      0.00334003      -0.218762
16      0.00311536      -0.0803266
SIDAR E3
1      0.003375      -0.150208
2      0.00341055      -0.193619
3      0.00334003      -0.185361
4      0.00344676      -0.120618
5      0.00341055      -0.173155
6      0.00337496      -0.165888
7      0.00320777      -0.153385
8      0.00352169      -0.207203
9      0.00344676      -0.279169
10      0.00341055      -0.125408
11      0.003375      -0.237958
12      0.00348389      -0.190268
13      0.00334003      -0.165321
14      0.00320794      -0.113051
15      0.00330609      -0.268819
16      0.00334023      -0.210191
SIDAR E4
1      0.00334023      -0.143387
2      0.00337496      -0.179388
3      0.00341033      -0.229641
4      0.00359994      -0.240037
5      0.00344676      -0.244701
6      0.00352169      -0.17903
7      0.00364047      -0.306892
8      0.00356046      -0.108441
9      -0.00194464      8.52603
10      0.00359994      -0.211238
11      0.00323997      -0.212116
12      0.00334023      -0.203511
13      -0.00187061      8.44883
14      0.00334003      -0.245482
15      0.00344676      -0.258488
16      0.00356046      -0.17965
SIDAR E5
1      0.00341033      0.0636474
2      0.00359994      -0.00244137
3      0.00348366      -0.0528705
4      0.00352169      -0.136769
5      0.00341055      -0.132229
6      0.00352169      -0.0452056
7      0.00348366      -0.0319685
8      0.00311508      -0.100592
9      0.00327256      -0.0512381
10      0.00323997      -0.0436372
11      0.00344676      -0.175766
12      0.000700891      4.38811
13      0.00348389      -0.106655
14      0.00344676      -0.0172148
15      0.00348366      -0.115576
16      0.00352169      -0.0945092
SIDAR E6
1      0.00352169      -0.108596
2      0.00334023      -0.130026
3      0.00341055      -0.104944
4      0.00341033      -0.106869
5      0.00344676      -0.148192
6      0.00334003      -0.0450802
7      -0.00164626      8.03492
8      0.00334023      -0.00977793
9      0.00341033      -0.168255
10      0.00348389      -0.0648482
11      0.00317644      -0.113165
12      0.00334023      -0.156748
13      0.00341055      -0.118587
14      0.00334003      -0.0851606
15      0      0
16      0.00344676      -0.0654694
SIDAR dE1
1      0      0
2      0.00190587      -0.0845768
3      0.00206806      -0.0758097
4      0.00220876      -0.0956694
5      0.00220876      -0.0662193
6      0.00220876      -0.139845
7      0.00220876      -0.18402
8      0.00211304      -0.102812
9      0.00220876      -0.110394
10      0.00206738      -0.216399
11      0.00211276      -0.261686
12      0.00198365      -0.100209
13      0.00186905      -0.0476353
14      0.00190587      -0.0972826
15      0.00170526      -0.0101528
16      0.00176726      -0.0685025
SIDAR dE2
1      0.00170526      -0.0669947
2      0.00198365      -0.0605361
3      0.00198365      -0.113433
4      0.00215996      -0.0924399
5      0.00215996      -0.222038
6      0.001944      -0.213253
7      0.00202475      -0.116903
8      0.00183395      -0.143481
9      0.00198365      -0.206004
10      0.00183395      -0.106803
11      0.00186905      -0.122397
12      0.00186923      -0.0938718
13      0.00167586      -0.0197471
14      0.00168595      0.0745025
15      0.00176726      -0.092066
16      0.00154286      0.0912423
SIDAR dE3
1      0.0018      -0.0793333
2      0.00190587      0.0297751
3      0.00220909      -0.032697
4      0.00211304      -0.145072
5      0.00211304      -0.0464638
6      0.00202475      -0.116903
7      0.00215996      -0.135639
8      0.00206806      -0.0482356
9      0.00185344      1.36597
10      0.00186905      -0.0850162
11      0.00183349      -0.0239076
12      0      0
13      0.00167574      0.021617
14      0.00164745      -0.0875547
15      0.00167574      0.0439602
16      0.00164745      -0.0546056
SIDAR dE4
1      0      0
2      -0.000273137      5.87234
3      0.00226042      -0.246241
4      0.00231389      -0.0681024
5      0.00220876      -0.0662193
6      0.00215996      -0.0636403
7      0.00206806      -0.158532
8      0.00215996      -0.0924399
9      0.00226042      -0.140755
10      0.002025      -0.0725833
11      0.00202475      -0.1439
12      0.001944      -0.0318133
13      0.00202475      -0.197893
14      0.00186905      -0.0974765
15      0.00183395      -0.0701235
16      0      0
SIDAR dE5
1      0.00176726      -0.162757
2      0.002025      -0.234583
3      0.00215996      -0.308436
4      0.00211304      -0.159159
5      0.00215996      -0.207638
6      0.00211276      -0.261686
7      0.00198365      -0.126658
8      0.00206806      -0.144745
9      0.00202475      -0.22489
10      0.00183395      -0.143481
11      0.00190587      -0.198929
12      0.00190587      -0.198929
13      0.00176726      -0.162757
14      0.00173557      -0.138667
15      0.00167574      -0.157129
16      0.00159344      -0.0536515
SIDAR dE6
1      0.00170489      -0.115063
2      0.00194379      -0.113282
3      0.00211304      -0.173246
4      0.00237067      -0.351826
5      0.00226042      -0.216102
6      0.00211276      -0.233515
7      0.00211304      -0.243681
8      0.00215996      -0.193238
9      0.00211276      -0.303941
10      0.00198365      -0.258901
11      0.00194379      -0.307661
12      0.00198365      -0.113433
13      0.00176726      -0.233447
14      0.00179984      -0.166831
15      0.00164713      -0.210906
16      0.00164736      -0.182412
